1000
-418 -668
612 920
532 514
-726 -93
-950 -49
747 151
728 -298
463 573
634 -583
840 592
-95 856
292 -936
-901 -966
511 -408
425 565
-436 -224
-749 -912
857 782
956 -869
-317 -728
-442 917
-523 -620
-622 4
927 -645
-945 460
-861 -441
-877 954
-910 678
824 287
-956 -858
849 426
-762 172
95 936
447 -595
295 169
-121 -909
-260 840
364 320
654 694
635 724
-566 -562
-115 -830
-317 -717
492 -124
-354 -140
969 909
-43 -874
812 362
488 -369
-69 512
180 61
-746 864
789 118
-421 812
-633 -649
635 860
-857 -732
-305 481
-392 -785
831 -431
-354 345
438 800
-143 50
-955 683
-695 601
-52 925
-349 -803
-927 -395
405 -201
-439 -373
-399 -475
-121 -359
-36 -645
960 321
-46 -904
390 360
-889 -214
-405 -521
-270 751
327 -506
-861 569
835 797
-135 -490
-961 605
291 707
922 712
-368 446
146 782
93 313
-408 -881
-502 62
666 504
783 -548
620 981
-944 97
663 -994
241 -294
819 -368
-293 74
583 732
520 767
-621 614
-579 -571
617 -227
812 941
88 -141
-120 -514
-403 -657
275 -164
-259 -524
-876 -29
28 553
908 306
-476 -571
717 -698
-986 954
-860 364
-937 982
-8 450
772 -95
-107 79
705 -401
702 406
240 -531
54 402
11 850
-507 770
-582 -906
-365 978
-965 661
623 50
-578 551
-566 192
878 -157
-905 -575
-700 923
-968 544
123 -492
998 29
698 201
-440 550
260 -778
973 408
668 -339
-134 162
-71 -988
861 -614
358 -378
959 -82
-227 315
-220 -75
-352 -755
-627 505
229 421
-896 -365
-945 740
-536 -177
293 930
521 117
814 858
132 -308
994 986
909 -697
263 -81
-855 621
144 958
-417 973
-825 -55
573 -325
-768 -676
222 550
660 190
647 -600
719 -4
248 818
350 -636
794 -29
-813 147
-367 -606
-69 645
965 253
-751 587
-137 293
-255 589
294 -311
-620 644
-925 -928
-332 953
900 147
554 541
42 358
-874 -90
622 425
-753 527
428 992
-855 -561
-394 937
198 226
-772 792
-681 236
-470 -455
-864 840
-768 5
-592 280
-136 -849
53 -90
142 776
698 999
777 -593
821 -364
-836 -432
437 -987
-565 -899
-485 -23
602 435
-248 -133
836 693
-828 120
-797 730
-282 -587
-59 634
569 -801
-668 998
144 917
162 -445
546 348
-999 -684
601 -990
-7 521
-949 -12
-362 79
-708 91
256 -450
-386 108
629 941
-423 -299
300 656
-726 -71
-542 -467
505 362
-186 -289
-792 -903
-252 -602
113 226
-288 6
-70 753
389 989
-796 668
707 93
176 651
-271 568
-2 812
-44 -405
-691 -65
-538 -315
-880 -741
617 413
430 955
-907 -939
-429 -98
679 204
-616 57
714 -15
97 974
-525 124
966 -730
-932 457
-169 -970
-971 843
769 -154
200 -667
547 317
-222 63
-517 846
-454 303
-183 -84
-325 627
-978 -538
-442 85
-114 -631
-918 428
-814 -831
-148 -479
196 -833
-648 -431
-663 -641
202 -867
-27 -201
858 -504
-789 -459
906 731
-413 812
-25 -199
661 107
-260 400
200 -971
-37 669
-190 -95
-934 863
44 -912
652 -342
134 -282
134 416
287 117
820 768
477 -218
890 754
-527 467
-580 -220
-216 482
-106 -446
395 -484
315 179
726 -168
-739 -947
9 -891
542 -692
734 -363
-452 709
-920 888
-461 -107
222 -848
-276 -172
118 947
990 -170
-668 -316
-681 -856
642 493
711 863
407 719
306 -304
-707 355
47 270
-750 -860
-741 344
-934 552
-477 -215
711 302
681 -165
282 469
438 30
-680 -196
60 -35
398 280
522 -585
545 800
-212 418
545 860
623 970
655 -171
369 898
-696 -923
-883 617
769 -437
576 744
-74 804
965 598
46 845
729 658
671 962
508 -861
443 411
-257 -859
531 -586
-53 -447
633 186
743 910
-903 -76
536 -680
-172 612
666 780
247 805
-811 -582
676 -921
-553 254
-212 -540
-468 -731
902 -378
416 -503
923 -928
890 776
147 -251
-440 -862
-698 102
-340 362
911 -140
-119 -663
-825 6
-79 -143
-674 -423
163 624
622 -133
603 -124
-354 554
818 -35
-207 787
-582 880
293 -734
-820 920
-818 -395
774 991
-483 796
526 840
-535 -378
554 757
-505 844
-632 904
-68 100
265 776
-838 343
-167 371
927 -640
328 705
601 341
-850 598
535 616
743 964
976 -352
552 241
338 539
-780 996
-129 -223
39 506
-271 -364
-733 804
779 -538
-838 120
-844 -353
-145 -283
-445 38
435 -851
976 -325
-574 -449
-941 -887
-421 -774
90 -590
-164 309
697 656
-26 382
-343 -137
-847 -7
617 210
832 -641
526 -453
488 676
138 295
-63 349
542 -905
988 -289
-899 -514
-444 956
-358 -997
-770 127
-626 -706
182 -759
-947 348
-665 -643
463 -333
-397 -988
741 -734
494 -995
-111 87
69 -245
-401 -91
273 -62
681 -619
-574 -166
-391 -473
-304 632
-652 558
430 765
-668 -861
-209 -504
317 444
156 491
872 -458
-427 699
-421 -649
-54 -86
-784 681
780 -499
576 -106
866 -668
-220 -777
484 37
486 -783
528 931
938 105
-544 359
845 354
-501 -894
135 -594
-446 939
-627 368
561 -350
900 -24
-926 -31
-384 -989
801 75
-806 122
390 -711
-49 137
389 -608
-636 675
221 -73
-61 26
-602 581
-764 -102
-232 104
658 -932
487 590
813 -777
-215 564
-736 969
627 -565
909 42
-72 849
-540 528
300 -990
843 -144
713 572
-933 -189
-617 -236
861 -811
-521 948
162 -423
-232 -609
-474 311
358 -547
329 -696
799 430
408 852
-767 -770
960 488
-174 -862
910 328
-979 -599
-655 -885
-530 -979
-2 906
-608 191
-11 232
115 530
-779 428
772 -786
827 -988
150 369
408 35
-638 -540
541 -184
-594 567
390 -305
-596 163
-657 441
894 -236
213 -41
766 158
364 416
521 -610
778 681
632 -593
509 860
968 -236
324 -50
755 -908
554 -250
130 -679
283 -479
-332 688
-707 63
133 952
795 -746
-162 -301
53 -350
137 -823
-493 -584
788 838
-944 691
116 136
-517 -648
767 -857
-864 878
963 -742
788 76
747 72
-214 322
111 -699
-543 748
-453 -208
-824 -163
220 446
68 -722
-341 -860
-627 -25
-755 369
-851 -42
-713 898
-207 292
736 328
-730 855
-408 626
682 -832
315 -773
575 732
-231 186
-482 211
306 713
417 41
390 -162
71 -246
284 893
-854 856
-162 -691
-974 -911
647 -540
484 -276
-611 -502
-246 218
546 255
-780 -897
495 -45
-78 975
354 -203
-777 160
-485 -832
916 591
-832 781
-157 -100
-442 -831
558 -30
-713 715
524 254
309 -422
307 -582
-275 914
-941 -488
-870 -638
818 -610
341 414
-895 -305
-786 -451
-249 -462
-783 725
-16 158
-120 704
-70 344
-805 724
575 812
-470 -155
185 125
863 -433
-483 -265
844 -124
423 -947
115 -351
457 -140
406 863
-191 -388
680 735
41 720
-653 -192
-864 704
436 -310
-936 -386
534 762
983 529
94 856
533 -433
328 583
-220 -782
-275 -186
392 -171
-89 -730
334 -951
-340 -844
-885 416
-576 293
-961 -566
805 31
-509 801
-428 -434
-14 653
-455 150
-197 720
-963 643
970 547
-446 -354
-539 669
-323 100
-557 263
-522 -448
695 503
-202 502
164 384
578 -370
-647 65
-313 -656
-190 -284
611 -441
32 -379
-92 -582
-841 -959
980 699
363 -868
955 -436
645 -968
868 -802
-733 740
-523 -634
-7 -576
-697 781
253 -11
-828 683
326 -182
209 941
209 789
60 -467
1000 -460
-868 497
800 -492
-313 995
517 -207
799 729
704 995
83 839
634 -404
690 2
-856 18
198 -73
246 167
66 670
214 -657
955 -612
-880 -252
-103 392
553 348
-463 -492
430 -571
-638 -876
-39 763
-57 -356
-934 -578
-254 -430
-239 575
7 -948
-728 -986
-206 -609
16 -255
728 924
-777 906
172 220
711 -493
795 676
680 390
919 -501
211 -566
949 -38
-643 649
733 543
635 641
-886 -742
18 -892
220 913
62 706
-764 726
-50 -644
596 270
513 -158
701 237
626 774
-978 965
788 -521
848 744
-897 -542
46 -608
532 3
-60 -374
-252 -270
-837 859
-969 148
-823 733
900 888
543 66
-200 578
-454 579
221 -129
-617 -283
-921 -690
650 -922
-863 428
-66 614
-42 560
-857 795
968 -886
49 701
-881 -364
-840 113
982 -438
-300 545
-604 567
-294 935
209 961
-394 416
-931 575
83 -382
-526 209
-185 -774
-532 45
780 -528
820 9
-503 538
-445 -318
-992 514
417 -819
900 -327
-413 828
-541 94
533 -199
-61 581
562 -667
-514 -800
29 -317
218 791
-170 787
901 -844
328 567
568 808
942 143
318 -479
-877 -533
-878 -563
-698 -883
746 -707
306 -631
851 787
445 -174
744 -824
693 -680
94 -595
382 -109
-646 514
-829 233
435 -396
139 -309
-315 994
177 -335
-75 -967
-355 -907
38 -515
743 276
972 -500
-532 -59
-284 970
-237 39
932 -527
-566 -288
-765 -60
-43 -345
770 610
-245 825
31 -820
-22 -708
403 752
-697 -855
856 -600
-605 -371
368 -657
737 124
-439 645
-567 -550
-853 719
378 -286
-947 -582
-89 343
634 487
-236 -918
185 965
-939 -762
694 -575
-124 658
305 814
12 62
-854 -136
130 691
-297 807
168 -26
-641 77
275 -977
-615 376
640 -779
558 10
335 874
386 657
-794 216
-531 -832
188 -989
-120 -955
-707 -604
-238 690
-760 483
-689 -951
371 338
-671 -574
-377 481
418 -958
408 951
-748 -488
815 360
833 -329
488 -530
866 -409
-496 822
255 -151
347 -438
986 -495
434 939
-64 -965
-678 575
-104 729
-20 -37
739 167
-176 -426
-924 -668
300 -184
-952 517
-416 -785
-788 -171
545 -833
-555 639
292 719
-919 568
-657 -589
861 -470
794 -88
-228 -567
203 -566
-123 -734
-409 -321
359 -940
-149 -977
-972 -487
-280 481
-609 793
94 320
-935 -953
-661 909
-600 -703
884 -599
561 -608
-22 569
586 16
78 -38
-314 -4
403 -868
237 933
-179 -760
-744 -611
-721 184
-457 -740
640 251
225 656
-63 -946
963 -505
284 -626
-292 179
-987 -334
147 -918
407 -104
744 -698
-885 652
518 -766
-221 814
378 -391
906 558
187 884
446 -254
466 -845
-121 601
817 395
-225 -451
-53 -340
-449 321
494 942
-220 -384
452 -745
-823 -967
121 757
-76 -610
699 -597
148 656
152 726
954 -589
289 975
620 477
-601 168
-506 903
37 -393
791 -856
-636 -113
269 625
-750 -101
-611 -950
-319 595
784 -47
10 215
854 -278
991 -903
338 -65
623 438
-320 260
-820 -479
-321 -420
436 560
718 -888
-261 477
-347 -746
319 -485
47 -331
-391 -810
-864 -451
-16 100
617 366
465 921
-982 954
-68 301
-812 -505
-922 477
11 891
-289 -406
621 -521
-720 -9
-614 -792
343 732
-995 38
842 593
-709 582
-412 841
-157 -415
-774 622
-623 967
15 973
-273 -975
-202 -218
-210 -857
-709 262
749 -199
-870 -781
-557 -345
782 880
249 879
583 -651
-295 -433
-688 -67
122 388
-29 801
-941 -89
793 583
439 -628
-861 -527
70 750
-16 -3
46 -722
471 -483
-569 394
-35 -6
247 -105
-328 -76
101 -28
-833 939
-559 -601
231 38
231 648
369 -843
-181 -901
-435 746
-519 -696
-969 -114
791 361
-498 420
-250 -390
-631 829
877 126
-243 -558
1000 -705
378 -415
-244 -720
-619 139
-526 217
-672 947
-364 880
379 824
-132 -958
-193 386
729 -380
-184 73
-159 -632
177 -752
20 -158
-168 898
-351 719
-865 -917
-571 -167
235 857
330 160
766 74
-187 971
566 991
-158 -296
583 -504
420 76
-392 591
-537 801
-466 -108
-764 -178
-800 297
659 7
711 824
-161 153
628 -266
322 -201
-938 -487
-923 424
-395 -488
-452 565
740 -815
-247 382
779 -893
232 -995
954 -425
884 892
-83 940
900 -294
-267 817
-177 -453
713 -858
-271 462
517 -839
-732 57
931 36
439 -320
423 -810
299 -948
105 -54
-299 -489
984 -15
-181 490
-160 349
353 -794
798 102
-105 -956
-296 689
-208 -107
-23 -908
-629 858
-374 -52
927 777
50 -845
-143 -144
-513 -37
-755 821
501 180
79 536
-1000 -905
-995 398
-663 144
-594 508
-641 403
463 734
807 544
-719 660
963 195
-483 175
-211 -853
-941 -614
-724 -764
-943 791
-449 729
-545 -675
875 408
-266 277
-528 -537
-363 357
-294 -321
417 -233
-790 46
-986 -70
147 382
724 -254
866 -964
986 -207
-378 893
-872 741
-251 -390
164 -290
-400 -960
-341 852
14 -783
973 -109
812 801
-17 -810
-515 463
461 659
-550 815
921 414
280 724
-409 331
810 398
758 915
92 113
528 -692
544 -603
-205 -662
-92 -831
448 655
-14 842
-645 83
471 344
137 -820
-611 -918
172 -250
-629 517
776 798
573 -832
-72 -109
-811 -850
836 326
-138 971
265 -215
904 495
-571 -331
234 516
509 309
858 666
-549 -874
-435 -41
-362 -774
-576 -270
727 546
-626 270
375 -220
-177 -64
-464 693
-175 433
546 -66
-274 46
743 -233
-97 62
50 -397
-195 384
-330 -880
-901 -874
926 474
-298 -508
703 -836
-442 -962
-187 855
846 577
-686 230
-31 553
424 777
-420 579
-396 -269
898 114
92 225
-563 -689
-504 -71
-690 -641
-390 -18
-883 -737
-696 335
669 569
-531 931
-401 164
412 -307
938 556
-50 763
-628 -91
969 -709
-310 995
-427 -278
978 231
270 -617
-922 -34
-82 390
586 391
-562 -520
58 -88
448 -75
955 -168
146 -435
-790 741
-857 -884
90 -363
615 -33
125 -750
846 774
511 300
533 -112
4 190
-28 -806
352 724
-188 118
-306 844
-361 585
659 39
554 226
-982 153
-917 221
-111 240
237 -93
190 -71
198 -783
-843 244
636 844
41 -399
122 353
-245 -279
742 741
-805 912
655 315
-370 -159
770 -72
-552 -633
-805 -617
411 -719
-20 -191
34 -690
-890 710
-909 -736
293 -87
912 -164
444 -832
-792 -386
-962 -380
-658 -367
-274 588
40 305
258 343
29 569
194 940
-918 56
756 -759
217 -799
-827 494
-519 -832
-29 413
-507 980
75 -760
297 -23
-462 -675
610 278
473 -569
21 -827
59 -557
-813 872
-299 -829
-487 -146
84 -487
538 -947
-441 -729
-582 -470
943 63
327 597
-415 411
-250 514
18 -519
-828 81
245 -816
-408 -191
245 -58
-895 674
834 182
-814 184
-997 -354
-805 -824
635 -229
-909 -854
433 -59
-847 -163
583 -54
-569 -443
-1000 -785
-769 -643
894 725
-929 -955
103 726
11 761
-388 552
-501 -248
310 -840
-572 -82
-866 64
202 319
-260 -492
881 559
972 -480
838 177
61 876
-433 529
-987 -733
874 639
826 122
187 661
804 834
-322 -436
993 42
429 595
445 -206
-381 663
-271 -560
-285 907
-654 878
-323 -102
-868 -102
995 170
-349 555
40 -221
-462 422
413 -871
-784 -25
-765 693
-403 353
-920 683
797 486
815 776
283 -648
45 109
220 -882
725 -235
203 861
-296 56
-595 -713
-494 -794
-778 361
-73 841
-792 -982
-591 -709
-151 -106
-959 -849
-698 602
704 59
-871 -15
791 -424
663 644
87 532
867 -382
592 -671
654 -446
-98 122
391 500
-41 432
-677 -390
136 -980
-563 -457
560 -767
-539 -870
840 -682
-485 786
-123 938
-687 806
15 -268
19 -109
570 479
366 161
-93 802
-397 114
-626 -696
911 190
-696 350
-311 663
843 415
-209 715
-870 214
762 -5
250 -939
171 529
998 -448
492 -390
-279 942
586 828
990 182
-787 -390
-207 -819
38 -436
710 -549
-653 -486
-833 821
-420 -68
-530 989
-473 423
-780 298
140 -505
627 -368
14 -200
-670 -143
851 668
846 -449
-849 -667
-646 546
569 -808
562 -822
747 950
-42 285
171 803
86 469
-896 592
649 -212
273 71
623 -257
-992 57
-592 -439
-121 -746
-869 -900
353 407
448 -352
776 572
998 107
-553 -549
389 39
551 -908
-976 2
696 618
-976 -944
-587 -15
234 -66
971 -945
917 -18
859 -457
570 961
937 -103
-300 -196
61 -546
448 886
32 200
-259 -544
671 121
-248 259
536 602
761 612
66 -452
843 856
-478 321
-4 -190
953 451
-494 243
-657 -448
-107 650
-806 579
-864 -146
-272 810
-708 241
-293 486
624 -451
609 -291
-142 -474
333 155
139 129
714 -104
-6 604
-973 503
897 927
-203 -174
-5 -291
-35 -30
-927 -859
-697 40
879 320
-990 44
-989 468
186 -64
332 -45
-997 343
-897 690
-927 166
507 -602
-557 -805
-706 590
780 -731
865 437
389 14
405 743
594 775
-93 397
-253 -310
162 -983
-973 -345
526 -870
-497 -813
918 -634
-516 -255
-650 -192
-906 5
914 -97
639 -23
952 526
-604 397
-130 -949
979 -818
790 396
416 -70
-445 -952
831 -363
-306 -310
-978 -935
-450 -129
-994 865
-604 -228
-883 -601
416 -226
538 -778
-729 741
-312 -244
533 765
301 -163
-793 546
-47 -748
-511 674
-315 386
-17 675
-960 978
-893 183
505 930
808 -595
497 633
637 175
94 746
-101 33
-696 -18
558 -206
-240 -879
-375 -756
-948 849
-247 -614
-807 -811
410 -56
-739 348
-990 961
-368 178
-79 -869
-771 556
-489 135
426 -154
-804 694
-820 -416
911 -662
124 191
695 -156
60 433
-998 827
988 -320
-78 819
530 986
117 -564
-72 -770
569 -143
-291 568
-411 -874
-679 835
709 430
462 -340
789 570
16 1
-394 918
706 -160
699 -453
449 642
37 -110
637 -941
-595 -757
584 29
-45 633
-62 444
-268 83
-437 -36
41 889
-852 209
-779 548
-197 731
152 201
-852 -290
944 -182
279 476
630 -671
589 -995
856 -806
-577 -396
732 2
-127 622
-267 -745
179 -329
-560 776
742 -326
295 -702
130 523
-864 -165
987 -931
123 -673
557 890
-586 868
-18 162
932 -533
-619 -392
414 161
-948 123
569 -973
114 778
305 -183
-974 955
-650 844
-472 436
-267 -401
-862 -391
-188 701
-765 -46
41 988
620 -390
-334 -976
-166 100
-746 978
-901 553
382 -59
-809 940
-549 57
-713 -330
27 -594
103 -817
-992 -188
-78 -380
-268 173
100 -952
882 781
970 980
-127 369
169 -6
-185 -988
788 -102
506 -495
906 -504
-716 -178
-850 524
75 78
-70 333
-720 -831
819 -820
-139 508
-69 -959
542 404
845 -656
-94 131
-60 -878
-882 -600
-87 -908
492 365
-570 93
-565 700
55 943
-354 -957
-798 256
-59 -728
204 -158
-720 -462
974 29
516 -156
676 331
708 795
-184 -657
678 -41
758 -258
420 -476
332 108
880 614
1 159
-695 -82
95 546
816 749
-202 -526
-836 548
-976 15
-981 -663
344 -386
697 -365
437 560
-877 466
970 747
532 660
-62 -324
479 653
951 151
939 -276
-944 -807
-56 814
-100 235
367 -778
410 -276
-433 944
-641 955
780 2
-395 900
766 291
315 -122
825 122
-632 98
-776 982
-154 -74
-358 -514
-338 138
251 -642
595 476
-296 -921
725 -466
591 -825
406 558
654 332
721 115
-810 338
-177 79
-870 934
484 -881
-267 312
-201 891
-623 473
-836 318
808 244
551 302
-336 130
-328 -219
752 -801
872 435
-662 911
63 -216
753 974
-307 749
929 -782
-935 -632
-626 -631
-6 742
407 -219
-335 706
-752 -746
447 -375
-742 838
589 -871
276 501
398 694
549 -318
-47 343
986 -56
-721 298
-891 -223
-748 -566
2 871
-278 378
-765 121
43 948
667 -818
316 212
-227 -940
209 64
762 -190
-162 880
715 262
-639 -570
366 -385
565 727
-571 907
905 -204
894 -252
-332 170
-618 -586
-775 -946
-312 844
126 388
-487 979
-111 -255
-251 -338
361 -578
31 884
-967 348
868 336
-717 -313
522 -680
239 -330
-732 853
-86 779
662 799
164 898
336 -274
-428 574
-697 439
-981 -973
-742 -584
30 524
682 -532
217 -141
229 -512
833 -451
-456 684
501 -394
-461 -523
-341 775
376 -910
313 -373
-418 -312
679 -701
514 136
-276 535
-812 -254
-471 259
396 -669
562 786
-665 854
482 -578
876 821
-812 -835
-360 -459
-664 538
297 889
592 402
159 629
-303 -879
-42 -428
-243 -798
605 397
-188 -443
516 451
-949 -905
799 -688
360 -848
383 -808
796 -839
502 -783
-784 955
961 473
166 474
991 664
-891 -679
64 -131
211 -97
-680 360
151 -614
-763 -867
-496 -336
856 -883
-250 -939
425 -283
-612 741
935 774
-301 371
55 942
-566 15
-649 -278
443 -94
-77 361
971 350
-774 -210
-246 119
-17 645
-748 -55
-356 820
-362 533
481 -747
-269 -986
-130 -358
310 238
780 743
-38 994
558 -14
-41 -24
-808 215
301 -789
878 480
425 -662
-365 -907
-720 384
-834 937
573 -633
-288 -63
422 734
880 -571
-588 -549
471 -311
582 485
421 492
907 69
-370 -139
-518 279
122 981
-169 597
-655 717
101 144
771 32
133 -91
141 195
625 -214
624 -669
-630 567
249 -770
304 220
-543 -616
-961 899
195 394
185 -958
-319 -913
974 -405
-425 656
-939 -624
-726 723
786 443
409 876
483 934
-875 -819
-125 -899
-706 676
802 759
132 202
-5 -851
178 477
780 -360
792 280
-935 772
217 884
-369 -536
501 -149
-52 -794
252 183
-495 -555
-961 -287
-817 -22
729 514
996 -570
-500 356
-444 -808
976 -382
-928 -415
-331 -392
653 992
-743 491
-664 58
37 -191
362 423
901 521
-435 -615
-385 895
-689 121
775 804
103 -263
-950 -499
-361 -689
29 100
900 -489
-192 -208
-696 973
29 -343
-599 837
-465 375
981 -329
-373 286
199 11
396 7
766 973
108 -518
635 -162
690 386
-650 874
736 523
-665 32
593 -159
735 995
633 -233
271 -273
526 487
964 -894
-515 -80
837 -237
-58 220
176 749
-543 -667
-847 -337
601 -448
-24 -308
250 423
974 -126
876 323
131 -946
-139 -780
936 -587
-335 -647
-792 506
784 -697
154 -234
402 -520
-662 649
-625 393
-861 -530
971 -928
-866 998
-179 593
421 -182
-425 -452
484 850
740 -93
409 603
442 877
-265 -731
-932 -868
-225 979
-437 933
473 632
841 760
-634 677
144 995
-169 -635
-554 311
163 -9
417 33
-505 -311
308 303
323 448
8 688
606 -270
551 874
-224 696
-250 30
216 290
568 333
968 -65
-375 73
861 141
359 -999
-459 -581
260 -303
-747 422
-746 -877
-406 130
-105 -262
-240 517
-640 370
112 929
659 942
-108 615
166 -631
-303 -619
-305 -625
213 236
-972 -603
803 161
58 920
833 697
887 511
913 -169
-300 -831
-663 -849
567 -490
888 -833
485 -355
-597 275
746 -759
135 576
693 976
-698 -42
919 457
-692 449
634 335
-124 752
-131 -72
29 963
137 -663
690 -263
222 24
153 -486
-331 875
-658 -136
-149 665
-751 -135
-660 299
-867 -596
88 465
349 -324
-172 980
-828 179
-349 -860
177 -190
-714 -635
970 -889
738 -761
-243 776
323 981
724 -309
127 119
-416 -607
6 -946
737 661
664 36
495 -506
-362 688
-672 -593
-166 -194
-894 120
-757 -22
590 -689
